#ASM00094703 1948 01 02 21 9999    2 ncdc6323          -300833  1459667
10 -9999  85000 -9999 -9999 -9999 -9999   170   120 
10 -9999  70000 -9999 -9999 -9999 -9999   210   120 
#ASM00094703 1948 01 03 21 9999    2 ncdc6323          -300833  1459667
10 -9999  85000 -9999 -9999 -9999 -9999   180   100 
10 -9999  70000 -9999 -9999 -9999 -9999   200   150 
#ASM00094703 1948 01 17 21 9999    2 ncdc6323          -300833  1459667
10 -9999  85000 -9999 -9999 -9999 -9999   130    60 
10 -9999  70000 -9999 -9999 -9999 -9999   160    80 
#ASM00094703 1948 02 06 21 9999    2 ncdc6323          -300833  1459667
10 -9999  85000 -9999 -9999 -9999 -9999   160   120 
10 -9999  70000 -9999 -9999 -9999 -9999   180   110 
#ASM00094703 1948 02 07 04 9999    2 ncdc6323          -300833  1459667
10 -9999  85000 -9999 -9999 -9999 -9999   160    50 
10 -9999  70000 -9999 -9999 -9999 -9999   150    40 
#ASM00094703 1948 02 07 21 9999    2 ncdc6323          -300833  1459667
10 -9999  85000 -9999 -9999 -9999 -9999    80    70 
10 -9999  70000 -9999 -9999 -9999 -9999    80    30 
#ASM00094703 1948 02 09 21 9999    2 ncdc6323          -300833  1459667
10 -9999  85000 -9999 -9999 -9999 -9999    60    80 
10 -9999  70000 -9999 -9999 -9999 -9999   130    80 
#ASM00094703 1948 02 10 21 9999    2 ncdc6323          -300833  1459667
10 -9999  85000 -9999 -9999 -9999 -9999    60    50 
10 -9999  70000 -9999 -9999 -9999 -9999    80    70 
#ASM00094703 1948 02 11 04 9999    2 ncdc6323          -300833  1459667
10 -9999  85000 -9999 -9999 -9999 -9999    90    50 
10 -9999  70000 -9999 -9999 -9999 -9999    90    70 
#ASM00094703 1948 02 12 21 9999    2 ncdc6323          -300833  1459667
10 -9999  85000 -9999 -9999 -9999 -9999   340    50 
10 -9999  70000 -9999 -9999 -9999 -9999   320    20 
#ASM00094703 1948 02 24 21 9999    2 ncdc6323          -300833  1459667
10 -9999  85000 -9999 -9999 -9999 -9999    30    50 
10 -9999  70000 -9999 -9999 -9999 -9999   290    60 
#ASM00094703 1948 02 26 21 9999    2 ncdc6323          -300833  1459667
10 -9999  85000 -9999 -9999 -9999 -9999   150    30 
10 -9999  70000 -9999 -9999 -9999 -9999   270    50 
#ASM00094703 1948 02 28 04 9999    2 ncdc6323          -300833  1459667
10 -9999  85000 -9999 -9999 -9999 -9999   320    10 
10 -9999  70000 -9999 -9999 -9999 -9999   350    50 
#ASM00094703 1948 03 01 04 9999    2 ncdc6323          -300833  1459667
10 -9999  85000 -9999 -9999 -9999 -9999   220    70 
10 -9999  70000 -9999 -9999 -9999 -9999   260   150 
#ASM00094703 1948 03 01 21 9999    2 ncdc6323          -300833  1459667
10 -9999  85000 -9999 -9999 -9999 -9999   130    50 
10 -9999  70000 -9999 -9999 -9999 -9999   290    40 
#ASM00094703 1948 03 02 21 9999    2 ncdc6323          -300833  1459667
10 -9999  85000 -9999 -9999 -9999 -9999   360    20 
10 -9999  70000 -9999 -9999 -9999 -9999   350    30 
#ASM00094703 1948 03 03 22 9999    2 ncdc6323          -300833  1459667
10 -9999  85000 -9999 -9999 -9999 -9999    70    20 
10 -9999  70000 -9999 -9999 -9999 -9999   230    50 
#ASM00094703 1948 03 04 22 9999    2 ncdc6323          -300833  1459667
10 -9999  85000 -9999 -9999 -9999 -9999    60    40 
10 -9999  70000 -9999 -9999 -9999 -9999   170    70 
#ASM00094703 1948 03 06 21 9999    2 ncdc6323          -300833  1459667
10 -9999  85000 -9999 -9999 -9999 -9999   260    30 
10 -9999  70000 -9999 -9999 -9999 -9999   320    60 
#ASM00094703 1948 03 07 04 9999    2 ncdc6323          -300833  1459667
10 -9999  85000 -9999 -9999 -9999 -9999   210    20 
10 -9999  70000 -9999 -9999 -9999 -9999   240    30 
#ASM00094703 1948 03 07 21 9999    2 ncdc6323          -300833  1459667
10 -9999  85000 -9999 -9999 -9999 -9999   300    50 
10 -9999  70000 -9999 -9999 -9999 -9999   160    50 
#ASM00094703 1948 03 08 04 9999    2 ncdc6323          -300833  1459667
10 -9999  85000 -9999 -9999 -9999 -9999   360    30 
10 -9999  70000 -9999 -9999 -9999 -9999   290    50 
#ASM00094703 1948 03 09 04 9999    2 ncdc6323          -300833  1459667
10 -9999  85000 -9999 -9999 -9999 -9999   170    30 
10 -9999  70000 -9999 -9999 -9999 -9999   130    20 
#ASM00094703 1948 03 09 21 9999    2 ncdc6323          -300833  1459667
10 -9999  85000 -9999 -9999 -9999 -9999   310    30 
10 -9999  70000 -9999 -9999 -9999 -9999   280   120 
#ASM00094703 1948 03 10 04 9999    2 ncdc6323          -300833  1459667
10 -9999  85000 -9999 -9999 -9999 -9999   230   120 
10 -9999  70000 -9999 -9999 -9999 -9999   230    80 
#ASM00094703 1948 03 11 04 9999    2 ncdc6323          -300833  1459667
10 -9999  85000 -9999 -9999 -9999 -9999   250    40 
10 -9999  70000 -9999 -9999 -9999 -9999   240    50 
#ASM00094703 1948 03 11 21 9999    2 ncdc6323          -300833  1459667
10 -9999  85000 -9999 -9999 -9999 -9999   310    60 
10 -9999  70000 -9999 -9999 -9999 -9999   280    30 
#ASM00094703 1948 03 12 21 9999    2 ncdc6323          -300833  1459667
10 -9999  85000 -9999 -9999 -9999 -9999    30    60 
10 -9999  70000 -9999 -9999 -9999 -9999    50    60 
#ASM00094703 1948 03 14 21 9999    2 ncdc6323          -300833  1459667
10 -9999  85000 -9999 -9999 -9999 -9999    70    50 
10 -9999  70000 -9999 -9999 -9999 -9999    80   100 
#ASM00094703 1948 03 15 04 9999    2 ncdc6323          -300833  1459667
10 -9999  85000 -9999 -9999 -9999 -9999   190    40 
10 -9999  70000 -9999 -9999 -9999 -9999   240    80 
#ASM00094703 1948 03 15 21 9999    2 ncdc6323          -300833  1459667
10 -9999  85000 -9999 -9999 -9999 -9999   270    30 
10 -9999  70000 -9999 -9999 -9999 -9999   230    60 
#ASM00094703 1948 03 16 04 9999    2 ncdc6323          -300833  1459667
10 -9999  85000 -9999 -9999 -9999 -9999   210    60 
10 -9999  70000 -9999 -9999 -9999 -9999   180    50 
#ASM00094703 1948 03 16 21 9999    2 ncdc6323          -300833  1459667
10 -9999  85000 -9999 -9999 -9999 -9999    80    50 
10 -9999  70000 -9999 -9999 -9999 -9999   330    30 
#ASM00094703 1948 03 17 04 9999    2 ncdc6323          -300833  1459667
10 -9999  85000 -9999 -9999 -9999 -9999    80    30 
10 -9999  70000 -9999 -9999 -9999 -9999    10    30 
#ASM00094703 1948 03 18 21 9999    2 ncdc6323          -300833  1459667
10 -9999  85000 -9999 -9999 -9999 -9999   190    20 
10 -9999  70000 -9999 -9999 -9999 -9999   230    40 
#ASM00094703 1948 03 19 21 9999    2 ncdc6323          -300833  1459667
10 -9999  85000 -9999 -9999 -9999 -9999    50    10 
10 -9999  70000 -9999 -9999 -9999 -9999   150    70 
#ASM00094703 1948 03 20 04 9999    2 ncdc6323          -300833  1459667
10 -9999  85000 -9999 -9999 -9999 -9999    30    40 
10 -9999  70000 -9999 -9999 -9999 -9999   140    10 
#ASM00094703 1948 03 20 21 9999    2 ncdc6323          -300833  1459667
10 -9999  85000 -9999 -9999 -9999 -9999    50    80 
10 -9999  70000 -9999 -9999 -9999 -9999   100    50 
#ASM00094703 1948 03 21 21 9999    2 ncdc6323          -300833  1459667
10 -9999  85000 -9999 -9999 -9999 -9999    70    90 
10 -9999  70000 -9999 -9999 -9999 -9999    80    70 
#ASM00094703 1948 03 22 04 9999    2 ncdc6323          -300833  1459667
10 -9999  85000 -9999 -9999 -9999 -9999   100    80 
10 -9999  70000 -9999 -9999 -9999 -9999    80    40 
#ASM00094703 1948 03 22 21 9999    2 ncdc6323          -300833  1459667
10 -9999  85000 -9999 -9999 -9999 -9999   160    50 
10 -9999  70000 -9999 -9999 -9999 -9999   110    30 
#ASM00094703 1948 03 23 21 9999    2 ncdc6323          -300833  1459667
10 -9999  85000 -9999 -9999 -9999 -9999   120    40 
10 -9999  70000 -9999 -9999 -9999 -9999   100    30 
#ASM00094703 1948 03 24 21 9999    2 ncdc6323          -300833  1459667
10 -9999  85000 -9999 -9999 -9999 -9999   170    70 
10 -9999  70000 -9999 -9999 -9999 -9999   360    40 
#ASM00094703 1948 03 25 04 9999    2 ncdc6323          -300833  1459667
10 -9999  85000 -9999 -9999 -9999 -9999   150    40 
10 -9999  70000 -9999 -9999 -9999 -9999   280    40 
#ASM00094703 1948 03 25 21 9999    2 ncdc6323          -300833  1459667
10 -9999  85000 -9999 -9999 -9999 -9999   180    30 
10 -9999  70000 -9999 -9999 -9999 -9999   180    30 
#ASM00094703 1948 03 26 21 9999    2 ncdc6323          -300833  1459667
10 -9999  85000 -9999 -9999 -9999 -9999   240    50 
10 -9999  70000 -9999 -9999 -9999 -9999   230   110 
#ASM00094703 1948 03 27 04 9999    2 ncdc6323          -300833  1459667
10 -9999  85000 -9999 -9999 -9999 -9999   250   100 
10 -9999  70000 -9999 -9999 -9999 -9999   240   100 
#ASM00094703 1948 03 28 21 9999    2 ncdc6323          -300833  1459667
10 -9999  85000 -9999 -9999 -9999 -9999   210    90 
10 -9999  70000 -9999 -9999 -9999 -9999   220    90 
#ASM00094703 1948 03 29 04 9999    2 ncdc6323          -300833  1459667
10 -9999  85000 -9999 -9999 -9999 -9999   210    60 
10 -9999  70000 -9999 -9999 -9999 -9999   230    70 
#ASM00094703 1948 03 30 04 9999    2 ncdc6323          -300833  1459667
10 -9999  85000 -9999 -9999 -9999 -9999    80    40 
10 -9999  70000 -9999 -9999 -9999 -9999    90    30 
#ASM00094703 1948 03 30 21 9999    2 ncdc6323          -300833  1459667
10 -9999  85000 -9999 -9999 -9999 -9999   200    40 
10 -9999  70000 -9999 -9999 -9999 -9999   250    70 
#ASM00094703 1948 04 01 04 9999    2 ncdc6323          -300833  1459667
10 -9999  85000 -9999 -9999 -9999 -9999   210    40 
10 -9999  70000 -9999 -9999 -9999 -9999   240   100 
#ASM00094703 1948 04 03 04 9999    2 ncdc6323          -300833  1459667
10 -9999  85000 -9999 -9999 -9999 -9999   330    20 
10 -9999  70000 -9999 -9999 -9999 -9999   200    70 
#ASM00094703 1948 04 04 04 9999    2 ncdc6323          -300833  1459667
10 -9999  85000 -9999 -9999 -9999 -9999    80    70 
10 -9999  70000 -9999 -9999 -9999 -9999   120    30 
#ASM00094703 1948 04 05 04 9999    2 ncdc6323          -300833  1459667
10 -9999  85000 -9999 -9999 -9999 -9999    90    60 
10 -9999  70000 -9999 -9999 -9999 -9999   110    70 
#ASM00094703 1948 04 21 04 9999    2 ncdc6323          -300833  1459667
10 -9999  85000 -9999 -9999 -9999 -9999   220    80 
10 -9999  70000 -9999 -9999 -9999 -9999   250   210 
#ASM00094703 1948 04 23 04 9999    2 ncdc6323          -300833  1459667
10 -9999  85000 -9999 -9999 -9999 -9999   190   140 
10 -9999  70000 -9999 -9999 -9999 -9999   190   180 
#ASM00094703 1948 04 24 04 9999    2 ncdc6323          -300833  1459667
10 -9999  85000 -9999 -9999 -9999 -9999   120    50 
10 -9999  70000 -9999 -9999 -9999 -9999   110    90 
#ASM00094703 1948 04 25 04 9999    2 ncdc6323          -300833  1459667
10 -9999  85000 -9999 -9999 -9999 -9999    60    40 
10 -9999  70000 -9999 -9999 -9999 -9999   360    40 
#ASM00094703 1948 04 26 04 9999    2 ncdc6323          -300833  1459667
10 -9999  85000 -9999 -9999 -9999 -9999    50    50 
10 -9999  70000 -9999 -9999 -9999 -9999    50    40 
#ASM00094703 1948 04 27 04 9999    2 ncdc6323          -300833  1459667
10 -9999  85000 -9999 -9999 -9999 -9999    30    90 
10 -9999  70000 -9999 -9999 -9999 -9999    40    30 
#ASM00094703 1948 04 29 04 9999    2 ncdc6323          -300833  1459667
10 -9999  85000 -9999 -9999 -9999 -9999   120    90 
10 -9999  70000 -9999 -9999 -9999 -9999    90   110 
#ASM00094703 1948 05 01 04 9999    2 ncdc6323          -300833  1459667
10 -9999  85000 -9999 -9999 -9999 -9999   110    70 
10 -9999  70000 -9999 -9999 -9999 -9999   120   110 
#ASM00094703 1948 05 04 04 9999    2 ncdc6323          -300833  1459667
10 -9999  85000 -9999 -9999 -9999 -9999   260   130 
10 -9999  70000 -9999 -9999 -9999 -9999   270   190 
#ASM00094703 1948 05 31 04 9999    2 ncdc6323          -300833  1459667
10 -9999  85000 -9999 -9999 -9999 -9999   170    60 
10 -9999  70000 -9999 -9999 -9999 -9999   200   120 
#ASM00094703 1948 06 01 04 9999    2 ncdc6323          -300833  1459667
10 -9999  85000 -9999 -9999 -9999 -9999   180    20 
10 -9999  70000 -9999 -9999 -9999 -9999   150    90 
#ASM00094703 1948 06 01 19 9999    2 ncdc6323          -300833  1459667
10 -9999  85000 -9999 -9999 -9999 -9999   140    40 
10 -9999  70000 -9999 -9999 -9999 -9999   160    50 
#ASM00094703 1948 06 02 04 9999    2 ncdc6323          -300833  1459667
10 -9999  85000 -9999 -9999 -9999 -9999   160    50 
10 -9999  70000 -9999 -9999 -9999 -9999   170    70 
#ASM00094703 1948 06 04 04 9999    2 ncdc6323          -300833  1459667
10 -9999  85000 -9999 -9999 -9999 -9999    80    90 
10 -9999  70000 -9999 -9999 -9999 -9999   100    30 
#ASM00094703 1948 06 07 04 9999    2 ncdc6323          -300833  1459667
10 -9999  85000 -9999 -9999 -9999 -9999   270    40 
10 -9999  70000 -9999 -9999 -9999 -9999   290    90 
#ASM00094703 1948 06 07 19 9999    2 ncdc6323          -300833  1459667
10 -9999  85000 -9999 -9999 -9999 -9999   180    20 
10 -9999  70000 -9999 -9999 -9999 -9999   270    60 
#ASM00094703 1948 06 09 04 9999    2 ncdc6323          -300833  1459667
10 -9999  85000 -9999 -9999 -9999 -9999   350    50 
10 -9999  70000 -9999 -9999 -9999 -9999   300    70 
#ASM00094703 1948 06 09 19 9999    2 ncdc6323          -300833  1459667
10 -9999  85000 -9999 -9999 -9999 -9999   350    40 
10 -9999  70000 -9999 -9999 -9999 -9999   310   110 
#ASM00094703 1948 06 10 19 9999    2 ncdc6323          -300833  1459667
10 -9999  85000 -9999 -9999 -9999 -9999   340   100 
10 -9999  70000 -9999 -9999 -9999 -9999   320    40 
#ASM00094703 1948 06 16 04 9999    2 ncdc6323          -300833  1459667
10 -9999  85000 -9999 -9999 -9999 -9999   120    60 
10 -9999  70000 -9999 -9999 -9999 -9999   120    90 
#ASM00094703 1948 06 17 04 9999    2 ncdc6323          -300833  1459667
10 -9999  85000 -9999 -9999 -9999 -9999   100    70 
10 -9999  70000 -9999 -9999 -9999 -9999   210    40 
#ASM00094703 1948 06 19 04 9999    2 ncdc6323          -300833  1459667
10 -9999  85000 -9999 -9999 -9999 -9999   270    90 
10 -9999  70000 -9999 -9999 -9999 -9999   270   140 
#ASM00094703 1948 07 16 04 9999    2 ncdc6323          -300833  1459667
10 -9999  85000 -9999 -9999 -9999 -9999   160    30 
10 -9999  70000 -9999 -9999 -9999 -9999   190    30 
#ASM00094703 1948 07 17 04 9999    2 ncdc6323          -300833  1459667
10 -9999  85000 -9999 -9999 -9999 -9999   140    80 
10 -9999  70000 -9999 -9999 -9999 -9999   180   100 
#ASM00094703 1948 07 19 04 9999    2 ncdc6323          -300833  1459667
10 -9999  85000 -9999 -9999 -9999 -9999   160    50 
10 -9999  70000 -9999 -9999 -9999 -9999   200   100 
#ASM00094703 1948 07 20 04 9999    2 ncdc6323          -300833  1459667
10 -9999  85000 -9999 -9999 -9999 -9999   200    70 
10 -9999  70000 -9999 -9999 -9999 -9999   250    90 
#ASM00094703 1948 07 21 04 9999    2 ncdc6323          -300833  1459667
10 -9999  85000 -9999 -9999 -9999 -9999   270    80 
10 -9999  70000 -9999 -9999 -9999 -9999   250   140 
#ASM00094703 1948 07 21 22 9999    2 ncdc6323          -300833  1459667
10 -9999  85000 -9999 -9999 -9999 -9999   280    40 
10 -9999  70000 -9999 -9999 -9999 -9999   290    60 
#ASM00094703 1948 07 23 22 9999    2 ncdc6323          -300833  1459667
10 -9999  85000 -9999 -9999 -9999 -9999   300    10 
10 -9999  70000 -9999 -9999 -9999 -9999   240    30 
#ASM00094703 1948 07 24 22 9999    2 ncdc6323          -300833  1459667
10 -9999  85000 -9999 -9999 -9999 -9999    50    10 
10 -9999  70000 -9999 -9999 -9999 -9999   250    90 
#ASM00094703 1948 07 25 04 9999    2 ncdc6323          -300833  1459667
10 -9999  85000 -9999 -9999 -9999 -9999    30    90 
10 -9999  70000 -9999 -9999 -9999 -9999   280    80 
#ASM00094703 1948 07 27 04 9999    2 ncdc6323          -300833  1459667
10 -9999  85000 -9999 -9999 -9999 -9999   260   100 
10 -9999  70000 -9999 -9999 -9999 -9999   250   210 
#ASM00094703 1948 07 27 22 9999    2 ncdc6323          -300833  1459667
10 -9999  85000 -9999 -9999 -9999 -9999   190    30 
10 -9999  70000 -9999 -9999 -9999 -9999   240   100 
#ASM00094703 1948 07 28 22 9999    2 ncdc6323          -300833  1459667
10 -9999  85000 -9999 -9999 -9999 -9999   290    50 
10 -9999  70000 -9999 -9999 -9999 -9999   290    40 
#ASM00094703 1948 07 29 04 9999    2 ncdc6323          -300833  1459667
10 -9999  85000 -9999 -9999 -9999 -9999   230    40 
10 -9999  70000 -9999 -9999 -9999 -9999   270    60 
#ASM00094703 1948 07 29 22 9999    2 ncdc6323          -300833  1459667
10 -9999  85000 -9999 -9999 -9999 -9999   170    70 
10 -9999  70000 -9999 -9999 -9999 -9999   270    40 
#ASM00094703 1948 07 30 04 9999    2 ncdc6323          -300833  1459667
10 -9999  85000 -9999 -9999 -9999 -9999   140    40 
10 -9999  70000 -9999 -9999 -9999 -9999   260    60 
#ASM00094703 1948 07 31 04 9999    2 ncdc6323          -300833  1459667
10 -9999  85000 -9999 -9999 -9999 -9999   330    50 
10 -9999  70000 -9999 -9999 -9999 -9999   360   100 
#ASM00094703 1948 08 04 04 9999    2 ncdc6323          -300833  1459667
10 -9999  85000 -9999 -9999 -9999 -9999   300    10 
10 -9999  70000 -9999 -9999 -9999 -9999   270    20 
#ASM00094703 1948 08 05 04 9999    2 ncdc6323          -300833  1459667
10 -9999  85000 -9999 -9999 -9999 -9999   140    60 
10 -9999  70000 -9999 -9999 -9999 -9999   190    70 
#ASM00094703 1948 08 06 04 9999    2 ncdc6323          -300833  1459667
10 -9999  85000 -9999 -9999 -9999 -9999    90    40 
10 -9999  70000 -9999 -9999 -9999 -9999   110    70 
#ASM00094703 1948 08 06 22 9999    2 ncdc6323          -300833  1459667
10 -9999  85000 -9999 -9999 -9999 -9999   350    80 
10 -9999  70000 -9999 -9999 -9999 -9999   230    10 
#ASM00094703 1948 08 07 04 9999    2 ncdc6323          -300833  1459667
10 -9999  85000 -9999 -9999 -9999 -9999   350    60 
10 -9999  70000 -9999 -9999 -9999 -9999   270    10 
#ASM00094703 1948 08 08 22 9999    2 ncdc6323          -300833  1459667
10 -9999  85000 -9999 -9999 -9999 -9999    90    50 
10 -9999  70000 -9999 -9999 -9999 -9999    80    50 
#ASM00094703 1948 08 10 04 9999    2 ncdc6323          -300833  1459667
10 -9999  85000 -9999 -9999 -9999 -9999   190    10 
10 -9999  70000 -9999 -9999 -9999 -9999   190    30 
#ASM00094703 1948 08 11 04 9999    2 ncdc6323          -300833  1459667
10 -9999  85000 -9999 -9999 -9999 -9999   180   100 
10 -9999  70000 -9999 -9999 -9999 -9999   190    70 
#ASM00094703 1948 08 12 04 9999    2 ncdc6323          -300833  1459667
10 -9999  85000 -9999 -9999 -9999 -9999   140    20 
10 -9999  70000 -9999 -9999 -9999 -9999   210    30 
#ASM00094703 1948 08 13 04 9999    2 ncdc6323          -300833  1459667
10 -9999  85000 -9999 -9999 -9999 -9999    80    50 
10 -9999  70000 -9999 -9999 -9999 -9999   100    30 
#ASM00094703 1948 08 14 04 9999    2 ncdc6323          -300833  1459667
10 -9999  85000 -9999 -9999 -9999 -9999   330    60 
10 -9999  70000 -9999 -9999 -9999 -9999   300    60 
#ASM00094703 1948 08 16 04 9999    2 ncdc6323          -300833  1459667
10 -9999  85000 -9999 -9999 -9999 -9999   210    40 
10 -9999  70000 -9999 -9999 -9999 -9999   240   160 
#ASM00094703 1948 08 16 22 9999    2 ncdc6323          -300833  1459667
10 -9999  85000 -9999 -9999 -9999 -9999   280    50 
10 -9999  70000 -9999 -9999 -9999 -9999   270    80 
#ASM00094703 1948 08 17 04 9999    2 ncdc6323          -300833  1459667
10 -9999  85000 -9999 -9999 -9999 -9999   290    60 
10 -9999  70000 -9999 -9999 -9999 -9999   260   140 
#ASM00094703 1948 08 18 04 9999    2 ncdc6323          -300833  1459667
10 -9999  85000 -9999 -9999 -9999 -9999   360   130 
10 -9999  70000 -9999 -9999 -9999 -9999   330    90 
#ASM00094703 1948 08 26 04 9999    2 ncdc6323          -300833  1459667
10 -9999  85000 -9999 -9999 -9999 -9999   210    30 
10 -9999  70000 -9999 -9999 -9999 -9999   250   100 
#ASM00094703 1948 08 26 22 9999    2 ncdc6323          -300833  1459667
10 -9999  85000 -9999 -9999 -9999 -9999   250    30 
10 -9999  70000 -9999 -9999 -9999 -9999   280    90 
#ASM00094703 1948 08 28 04 9999    2 ncdc6323          -300833  1459667
10 -9999  85000 -9999 -9999 -9999 -9999   140    60 
10 -9999  70000 -9999 -9999 -9999 -9999   180    80 
#ASM00094703 1948 08 28 22 9999    2 ncdc6323          -300833  1459667
10 -9999  85000 -9999 -9999 -9999 -9999    50    60 
10 -9999  70000 -9999 -9999 -9999 -9999   180    50 
#ASM00094703 1948 08 30 04 9999    2 ncdc6323          -300833  1459667
10 -9999  85000 -9999 -9999 -9999 -9999   350    60 
10 -9999  70000 -9999 -9999 -9999 -9999   280    60 
#ASM00094703 1948 09 03 04 9999    2 ncdc6323          -300833  1459667
10 -9999  85000 -9999 -9999 -9999 -9999   250    60 
10 -9999  70000 -9999 -9999 -9999 -9999   250    80 
#ASM00094703 1948 09 04 04 9999    2 ncdc6323          -300833  1459667
10 -9999  85000 -9999 -9999 -9999 -9999   250    50 
10 -9999  70000 -9999 -9999 -9999 -9999   260   120 
#ASM00094703 1948 09 09 04 9999    2 ncdc6323          -300833  1459667
10 -9999  85000 -9999 -9999 -9999 -9999   180   140 
10 -9999  70000 -9999 -9999 -9999 -9999   200   140 
#ASM00094703 1948 09 11 22 9999    2 ncdc6323          -300833  1459667
10 -9999  85000 -9999 -9999 -9999 -9999    20    60 
10 -9999  70000 -9999 -9999 -9999 -9999   290    50 
#ASM00094703 1948 09 18 22 9999    2 ncdc6323          -300833  1459667
10 -9999  85000 -9999 -9999 -9999 -9999   130    40 
10 -9999  70000 -9999 -9999 -9999 -9999   120   120 
#ASM00094703 1948 09 24 22 9999    2 ncdc6323          -300833  1459667
10 -9999  85000 -9999 -9999 -9999 -9999   180   140 
10 -9999  70000 -9999 -9999 -9999 -9999   180   130 
#ASM00094703 1948 09 25 04 9999    2 ncdc6323          -300833  1459667
10 -9999  85000 -9999 -9999 -9999 -9999   190    90 
10 -9999  70000 -9999 -9999 -9999 -9999   200   150 
#ASM00094703 1948 09 25 22 9999    2 ncdc6323          -300833  1459667
10 -9999  85000 -9999 -9999 -9999 -9999   210    50 
10 -9999  70000 -9999 -9999 -9999 -9999   190    90 
#ASM00094703 1948 09 26 04 9999    2 ncdc6323          -300833  1459667
10 -9999  85000 -9999 -9999 -9999 -9999   180    60 
10 -9999  70000 -9999 -9999 -9999 -9999   190    70 
#ASM00094703 1948 10 02 22 9999    2 ncdc6323          -300833  1459667
10 -9999  85000 -9999 -9999 -9999 -9999   200   110 
10 -9999  70000 -9999 -9999 -9999 -9999   210   200 
#ASM00094703 1948 10 03 04 9999    2 ncdc6323          -300833  1459667
10 -9999  85000 -9999 -9999 -9999 -9999   230   220 
10 -9999  70000 -9999 -9999 -9999 -9999   230   150 
#ASM00094703 1948 10 04 22 9999    2 ncdc6323          -300833  1459667
10 -9999  85000 -9999 -9999 -9999 -9999   200    20 
10 -9999  70000 -9999 -9999 -9999 -9999   230    80 
#ASM00094703 1948 10 05 22 9999    2 ncdc6323          -300833  1459667
10 -9999  85000 -9999 -9999 -9999 -9999   190    60 
10 -9999  70000 -9999 -9999 -9999 -9999   210   190 
#ASM00094703 1948 10 06 04 9999    2 ncdc6323          -300833  1459667
10 -9999  85000 -9999 -9999 -9999 -9999   190    10 
10 -9999  70000 -9999 -9999 -9999 -9999   220   130 
#ASM00094703 1948 10 10 04 9999    2 ncdc6323          -300833  1459667
10 -9999  85000 -9999 -9999 -9999 -9999   300   130 
10 -9999  70000 -9999 -9999 -9999 -9999   300   160 
#ASM00094703 1948 10 12 04 9999    2 ncdc6323          -300833  1459667
10 -9999  85000 -9999 -9999 -9999 -9999   210    80 
10 -9999  70000 -9999 -9999 -9999 -9999   250   130 
#ASM00094703 1948 10 15 04 9999    2 ncdc6323          -300833  1459667
10 -9999  85000 -9999 -9999 -9999 -9999   130    40 
10 -9999  70000 -9999 -9999 -9999 -9999   160    60 
